1000111111001
1000111111110
1001010111111
1001011111111
1001100111111
1001101111100
1001101111110
1001101111111
1001111001011
1001111101011
1001111110101
1001111111010
1001111111101
1010101111011
1010111101111
1010111110011
1010111111001
1010111111011
1010111111111
1011000111110
1011001111001
1011001111010
1011001111111
1011010110111
1011010111100
1011010111111
1011011101001
1011011110010
1011011110011
1011011110101
1011011111000
1011011111010
1011011111111
1011100111001
1011100111100
1011101101111
1011101110111
1011101111100
1011101111101
1011101111110
1011110011110
1011110011111
1011110101010
1011110101111
1011110110101
1011110110110
1011110110111
1011110111011
1011110111110
1011111001111
1011111010111
1011111011011
1011111011101
1011111011110
1011111011111
1011111100100
1011111100111
1011111101011
1011111101101
1011111101110
1011111101111
1011111110000
1011111110010
1011111110100
1011111110101
1011111110110
1011111110111
1011111111000
1011111111001
1011111111010
1011111111011
1011111111100
1011111111101
1011111111110
1011111111111
1100011110111
1100101011001
1100110111011
1100111100111
1100111111101
1100111111110
1100111111111
1101001111101
1101010111111
1101011011101
1101011101001
1101011110011
1101011111011
1101011111100
1101011111101
1101100011111
1101100111101
1101101011111
1101101101110
1101101110011
1101101111001
1101101111010
1101101111011
1101101111100
1101101111101
1101101111110
1101110101100
1101110101111
1101110111011
1101110111101
1101110111110
1101110111111
1101111011001
1101111011011
1101111011101
1101111011111
1101111100111
1101111101011
1101111101101
1101111101110
1101111101111
1101111110001
1101111110100
1101111111000
1101111111001
1101111111010
1101111111011
1101111111100
1101111111101
1101111111110
1101111111111
1110001111011
1110001111111
1110010111111
1110011010111
1110011111010
1110011111100
1110011111101
1110011111110
1110011111111
1110100111011
1110101011110
1110101101100
1110101110111
1110101111011
1110101111100
1110101111101
1110101111110
1110101111111
1110110101001
1110110110111
1110110111011
1110110111110
1110110111111
1110111010001
1110111010010
1110111010100
1110111010110
1110111011010
1110111011011
1110111011110
1110111011111
1110111100011
1110111100101
1110111100111
1110111101011
1110111101101
1110111101110
1110111101111
1110111110001
1110111110010
1110111110011
1110111110111
1110111111000
1110111111001
1110111111010
1110111111011
1110111111100
1110111111101
1110111111110
1110111111111
1111001110111
1111001111001
1111001111100
1111001111101
1111001111110
1111001111111
1111010011001
1111010011100
1111010101110
1111010111001
1111010111011
1111010111100
1111010111101
1111010111110
1111010111111
1111011001101
1111011010100
1111011011110
1111011011111
1111011100010
1111011100111
1111011101001
1111011101010
1111011101011
1111011101101
1111011101110
1111011110000
1111011110010
1111011110011
1111011110101
1111011110111
1111011111001
1111011111010
1111011111011
1111011111100
1111011111101
1111011111110
1111011111111
1111100011001
1111100011111
1111100100011
1111100101100
1111100110100
1111100110110
1111100111011
1111100111100
1111100111101
1111100111110
1111100111111
1111101010011
1111101010101
1111101011011
1111101100100
1111101100111
1111101101001
1111101101011
1111101101101
1111101101111
1111101110001
1111101110010
1111101110011
1111101110101
1111101110110
1111101110111
1111101111000
1111101111001
1111101111010
1111101111011
1111101111100
1111101111101
1111101111110
1111101111111
1111110001101
1111110011100
1111110011101
1111110011110
1111110011111
1111110100001
1111110100111
1111110101010
1111110101101
1111110101110
1111110101111
1111110110010
1111110110011
1111110110110
1111110110111
1111110111000
1111110111001
1111110111010
1111110111011
1111110111100
1111110111101
1111110111110
1111110111111
1111111001110
1111111001111
1111111010010
1111111010011
1111111010111
1111111011000
1111111011001
1111111011010
1111111011011
1111111011101
1111111011110
1111111011111
1111111100000
1111111100001
1111111100011
1111111100101
1111111100111
1111111101000
1111111101001
1111111101010
1111111101011
1111111101100
1111111101101
1111111101110
1111111101111
1111111110000
1111111110001
1111111110010
1111111110011
1111111110100
1111111110101
1111111110110
1111111110111
1111111111000
1111111111001
1111111111010
1111111111011
1111111111100
1111111111101
1111111111110
1111111111111